7.09546718e-03 1.52082868e+01 6.71702861e-03 2.06956756e+02
0.00000000e+00 1.52000000e+01 0.00000000e+00 2.54410815e+02
3.38519979e-01 1.41178886e+01 2.22542033e+00 1.30000000e+02
1.59165595e+00 1.35192100e+01 9.76810819e-01 2.20226366e+02
3.84046399e+00 1.52008713e+01 3.68172121e-03 1.89476780e+02
1.42619178e-01 1.52648224e+01 6.25589551e-01 2.20224726e+02
4.95455784e-02 1.52421499e+01 1.03897018e-01 2.50048879e+02
1.49998632e+01 2.51999533e+01 9.99996850e+00 3.08238846e+02
1.49980127e+01 2.18306896e+01 1.00000000e+01 2.91476152e+02
1.49994402e+01 2.51991730e+01 9.99982227e+00 3.29999889e+02
1.49489820e+01 2.71764118e+01 9.97007569e+00 3.15728201e+02
1.37694317e-01 1.54681474e+01 3.42112184e-01 2.63310497e+02
1.50000000e+01 2.72000000e+01 1.00000000e+01 1.40000000e+02
7.08934337e+00 1.60637665e+01 5.71620551e-01 2.18269358e+02
1.50000000e+01 2.72000000e+01 1.00000000e+01 3.60000000e+02
1.49791957e+01 2.51720615e+01 9.96703243e+00 2.49979203e+02
1.49987448e+01 2.51970765e+01 9.99949429e+00 3.29739226e+02
1.50000000e+01 2.72000000e+01 1.00000000e+01 2.70000000e+02
1.08182976e+01 2.66771815e+01 4.66434530e+00 3.26497455e+02
1.49936707e+01 2.71810424e+01 9.99281550e+00 3.20000000e+02
1.50000000e+01 2.50712538e+01 9.79845075e+00 2.98039732e+02
4.96441326e+00 1.22651243e+01 2.71906185e-01 1.67418062e+02
4.79547518e+00 1.22216494e+01 1.44634063e-02 2.20020749e+02
1.50000000e+01 2.60000000e+01 1.00000000e+01 3.20000000e+02
1.49988952e+01 2.71996647e+01 9.99660566e+00 3.59988561e+02
6.66067906e-04 1.22024476e+01 1.59644563e-03 2.80760102e+02
2.16556725e-01 1.23442503e+01 1.92899781e-01 2.40082551e+02
1.50000000e+01 2.71999134e+01 1.00000000e+01 3.29999901e+02